229 228
159 160
40 41
327 134
111 110
330 136
192 193
284 38
73 74
133 134
144 143
387 297
106 107
166 158
317 318
315 110
339 467
15 16
29 27
77 76
270 251
454 170
80 81
121 119
259 260
291 292
309 90
252 193
351 352
347 220
22 23
122 119
417 418
96 94
336 182
390 391
299 300
265 158
178 19
240 241
358 224
361 360
162 160
350 220
181 182
432 429
389 306
204 4
424 425
435 434
114 110
398 125
214 215
88 85
76 83
456 224
316 110
302 175
206 58
406 232
205 206
54 55
386 290
364 360
43 292
354 352
36 33
312 215
258 244
117 116
256 45
237 41
99 98
382 41
282 201
445 335
346 222
242 241
420 418
423 414
470 19
62 63
371 4
305 306
94 104
154 155
134 186
3 4
314 116
216 215
338 339
187 188
128 129
318 119
427 425
385 41
69 70
228 472
401 400
39 38
397 119
10 11
404 405
253 254
391 206
194 195
286 287
375 374
135 136
227 228
384 41
429 466
460 63
102 98
209 81
343 170
415 414
264 263
333 232
448 182
374 13
6 4
268 251
220 440
452 170
42 43
190 188
356 220
412 408
131 129
75 76
72 70
182 467
105 104
38 468
49 50
109 110
212 104
461 232
82 83
171 170
20 19
142 143
151 182
348 220
377 27
115 116
53 52
13 254
307 66
359 360
86 85
57 58
89 90
458 222
376 278
143 228
30 31
215 104
200 201
173 107
248 119
23 19
129 186
152 151
274 275
255 33
388 297
455 454
174 175
16 254
280 193
188 119
245 244
78 76
126 125
235 41
97 98
251 4
230 228
324 244
148 149
292 468
41 468
52 468
328 134
369 4
433 434
112 110
123 119
74 83
465 215
393 74
59 58
407 408
278 254
418 414
11 8
155 467
365 11
399 400
362 360
163 160
395 119
33 468
34 33
37 38
373 374
66 83
211 83
260 186
457 224
67 66
303 175
355 222
170 158
130 131
421 414
104 469
272 471
8 254
337 182
92 104
25 23
320 129
44 45
14 13
345 158
331 232
409 408
18 19
167 166
199 198
48 47
140 139
262 263
221 222
408 466
410 408
176 98
210 81
233 232
396 119
103 104
464 83
287 41
177 178
213 110
298 297
147 146
195 470
118 119
439 440
238 41
100 98
169 170
283 201
322 129
243 244
413 414
51 52
107 469
275 471
273 272
266 251
446 447
55 58
344 170
47 292
193 19
198 470
247 94
241 41
172 170
244 186
367 275
341 155
294 52
453 454
416 414
449 182
28 27
269 251
120 119
149 182
179 52
132 129
2 1
232 472
257 129
405 400
84 85
95 94
217 218
430 429
279 278
183 63
110 469
250 251
21 19
98 104
150 151
357 224
161 160
372 371
378 27
290 292
91 92
431 429
334 335
32 33
165 166
124 125
87 85
450 155
65 66
459 222
300 58
438 437
180 151
353 222
157 158
368 369
175 63
392 70
191 178
90 104
335 182
261 4
31 27
153 151
451 232
224 440
441 218
293 292
203 8
223 224
202 201
414 466
349 220
35 33
246 244
127 125
236 41
381 41
9 8
68 66
197 198
419 418
184 134
289 290
329 134
50 292
113 110
201 470
443 232
394 110
249 119
231 232
323 324
164 160
108 107
276 11
281 178
285 41
352 220
297 52
17 16
444 232
308 70
425 466
263 166
311 215
168 166
79 76
61 58
12 13
325 244
136 228
380 198
366 272
24 23
56 55
383 41
46 47
146 232
138 139
160 166
239 41
301 300
310 92
101 98
379 201
208 81
363 360
139 228
304 63
1 254
342 166
426 425
64 63
296 297
434 429
145 146
116 110
85 104
156 155
360 43
26 27
125 186
5 4
400 134
27 19
340 339
189 188
63 58
422 414
60 61
271 272
234 232
403 400
313 116
321 129
93 94
45 292
185 186
226 224
428 429
277 278
332 232
70 83
319 131
218 228
447 335
370 371
402 403
219 220
462 463
141 139
466 186
306 206
411 408
267 251
436 437
0 1
437 429
471 4
463 149
442 215
71 70
222 440
81 83
207 70
295 52
4 254
225 222
196 195
326 134
119 469
288 287
137 136
7 8
