4454 4448
1769 1757
3209 3190
3360 3359
2972 2954
5871 5870
1311 1293
2902 2895
252 4655
1484 1480
2344 2338
5715 5478
5384 5378
1817 1811
4057 4051
2677 2669
2097 2094
4637 4626
1259 1254
978 975
4331 4327
5657 5658
461 456
3489 3486
2348 2349
2953 2954
1831 1830
4623 4620
3825 3822
1956 1946
4748 4736
2747 2741
4397 4398
1451 1437
3319 3317
1901 1902
2802 2798
2222 2223
5622 5613
3082 3081
3101 3094
1144 1142
344 298
1424 1425
3444 3433
2927 2914
346 344
2536 2534
27 1530
188 172
358 354
2078 2070
2289 2290
5153 5148
4520 4481
3152 3153
5401 5398
1635 1621
2168 2121
4386 4373
2690 2691
5756 5747
4596 4597
3909 3896
2488 2476
5500 5498
1051 1048
4079 4078
3798 3799
2702 2701
3293 3290
3296 3295
1188 1174
1679 1677
2258 2256
4531 4481
3181 3170
2620 2608
2040 2033
3351 3352
3710 3699
5134 5124
146 137
3133 3129
4544 4541
3687 3688
1878 1863
737 726
2889 2890
5189 5181
3809 3799
5120 5118
1250 1247
4902 4895
3761 3758
1013 1011
3524 3522
4053 4051
1365 1355
4916 4914
3668 3651
3876 3866
2738 2734
2457 2455
1080 1078
2000 1987
2302 2288
1889 1890
2513 2508
1606 1538
2793 2791
574 573
577 578
4465 4466
961 955
2568 2565
4518 4514
5211 5195
5082 5081
5942 5939
3960 3957
2633 2630
4300 4291
411 407
3723 3721
2626 2627
2645 2640
3505 3498
4365 4356
2408 2404
2869 2799
4015 4014
750 748
1279 1277
12 1
4351 4350
311 297
3043 3036
4070 4071
4133 4127
244 243
1164 1152
4195 4187
518 519
256 253
4487 4480
5051 5047
2593 2584
592 589
5860 5859
75 70
1962 1963
3745 3735
1526 1517
5698 5689
4538 4539
4557 4552
949 947
4037 4028
4878 4873
4320 4316
721 716
4874 4875
4461 4440
3471 3472
1924 1913
5255 5240
2847 2827
5185 5181
5229 5224
499 495
2279 2262
5291 5284
4711 4709
1702 1692
6100 6096
4143 4144
5003 5002
5514 5477
5006 5007
5025 5020
3213 3190
317 316
2337 2324
4224 4217
4568 4552
5535 5536
846 845
4778 4776
329 326
5597 5596
1488 1480
4800 4794
1031 1012
4689 4145
1543 1537
4855 4851
3194 3190
465 456
3496 3491
2957 2954
2100 2101
4419 4405
3839 3830
2629 2630
801 792
2526 2394
3054 2742
2754 2746
2174 2171
4235 4217
6065 6064
236 232
3544 3545
2167 2168
5346 5330
1905 1902
2746 2747
4766 4755
3389 3378
5042 5040
1100 1101
5272 5273
3145 3139
2004 2002
1856 1838
2723 2628
1436 1437
5157 5148
3156 3153
5608 5609
1779 1776
638 639
1000 991
2071 2069
5981 5975
2373 2370
5725 5726
1336 1327
4928 4924
2366 2367
198 195
4726 4709
557 542
5570 5559
4659 4655
5519 5513
531 526
3323 3279
3281 3282
3300 3295
1192 1174
4144 4145
823 819
2247 2244
4286 4265
6135 6132
4994 4995
1985 1978
5099 5048
3337 3335
1449 1446
28 26
1468 1459
3355 3352
3998 3983
5138 5124
150 137
3137 3129
1741 1739
10 5755
1224 1220
1243 1233
663 658
3691 3688
1523 1516
102 96
1173 1174
2613 2607
445 435
2893 2890
1305 1293
2896 2895
4336 4328
394 389
4846 4844
2158 2148
3598 3581
1017 1011
2070 2035
4092 4089
1574 1575
410 2669
3672 3651
4945 4944
2103 2104
4384 4382
5991 5992
2682 2683
3287 3288
5193 5194
4115 4113
1641 1642
3955 3868
2791 2747
1722 1715
4214 4213
3653 3651
45 46
965 955
6123 6124
2575 2570
2638 2626
5086 5081
1478 1476
5108 5099
4528 4524
3948 3949
2181 2121
2911 2906
910 911
182 172
3683 3651
1272 1263
1893 1839
2412 2404
975 976
5443 5439
754 748
4706 4688
578 522
5997 5998
5735 5732
3047 3036
3217 3218
1840 1841
1172 1153
3903 3896
2482 2476
4777 4689
3335 3331
2774 2769
1378 1379
2818 2812
5266 5267
1116 1113
4468 4469
79 70
1408 1406
2013 2011
2873 2869
3365 3331
589 522
5702 5689
2094 2084
953 947
3613 3581
2675 5513
698 694
2305 2304
997 990
2024 2025
3228 3218
480 471
1507 1506
10 5689
5178 5167
4601 4597
4642 4598
2493 2476
5927 5928
211 202
3258 3245
491 485
2943 2941
3803 3799
5410 5409
1241 1242
1581 1576
4893 4890
2145 2143
5233 5224
5286 5050
2715 2710
1127 1113
2954 2955
3594 3581
1830 1758
2437 2436
4088 4089
4948 4947
1359 1355
3870 3866
1913 1914
3072 3068
4572 4552
5583 5579
1994 1987
5968 5915
5302 5300
853 850
4505 4498
4785 4781
4205 4206
4804 4794
2056 2047
2548 2546
3408 3404
4227 4224
3426 3421
908 907
3700 3697
4859 4851
3482 3474
3094 3069
384 385
2404 2393
2624 2625
4294 4291
4618 4617
449 450
6007 6004
2758 2746
5509 5498
240 232
5181 5144
4692 4687
2584 2566
3551 3550
1314 1315
5782 5778
6062 6061
1673 1662
4404 4405
1158 1152
1650 1651
3149 3139
2528 2526
5320 5316
3899 3896
3854 3830
3400 3394
6132 6133
5955 5948
926 923
689 687
3739 3735
406 1530
3159 3160
1498 1499
5579 5553
3562 3550
5969 5967
2361 2362
420 418
4031 4028
1169 1152
715 716
1036 1037
6087 6080
1918 1913
1978 1964
821 819
3008 3004
6036 6034
3332 3330
1911 1910
4939 4940
2251 2244
253 254
2273 2262
4141 4142
1472 1459
5064 5056
35 31
3063 3061
3123 3112
5574 5572
1966 1967
4156 4157
5076 5066
1228 1220
1811 1800
5892 5854
5869 5870
4514 4481
2900 2895
3153 3112
4271 4265
385 386
2033 2034
1277 1233
3756 3755
788 776
1815 1811
1235 1236
2675 2669
2095 2094
2031 2338
3466 3464
1298 1292
1578 1575
5750 5747
4329 4327
456 451
3011 3005
2104 2035
4621 4620
3033 3023
6061 6053
6105 6096
795 792
3823 3822
5474 5475
4746 4736
5836 5827
630 617
2800 2798
5551 5550
5592 5588
1423 1421
1703 1704
3890 3889
3934 3932
4753 4752
64 61
2925 2914
124 112
5096 5091
1548 1537
3199 3190
186 172
356 354
27 5548
636 637
2401 2392
400 397
3242 2742
5151 5148
3730 3728
163 161
1770 1771
5144 5145
5487 5484
4958 4874
5455 5451
4875 4876
189 190
4077 4078
2700 2701
4720 4709
1433 1425
3279 3280
5939 5914
1902 1903
2822 2812
525 526
3036 3037
2238 2239
3397 3393
3369 3331
1440 1441
3630 3631
1904 1841
942 935
362 360
1969 1970
702 694
6141 6142
1452 1451
4480 4481
144 137
1171 1172
2075 2073
373 374
4605 4597
1203 5527
1876 1863
4888 4885
2947 2941
2966 2954
3807 3799
2370 2371
3631 3573
1289 1285
709 710
4900 4895
2152 2148
1131 1113
4083 4084
1625 1621
2444 2441
5472 5471
1363 1355
2736 2734
1531 2107
3120 3111
691 669
602 597
2511 2508
2552 2546
5863 5864
1887 1863
746 726
4266 4218
415 5056
5425 5409
3707 3702
959 955
1530 1481
3770 3758
2569 2570
4217 4218
5080 5081
672 669
5940 5939
3419 3420
3438 3433
2921 2914
5661 5477
1244 1245
5198 5194
6058 6052
4977 4966
4961 4958
272 267
1318 1315
2159 2160
10 1
10 1987
4349 4350
3041 3036
4131 4127
2509 2394
866 861
1376 1377
4168 4167
5371 5364
2292 2288
5600 5601
2591 2584
1211 1202
590 589
4522 4520
73 70
5382 5378
2540 2538
4066 4011
3964 3963
3425 3426
4024 4014
2303 2302
3743 3735
135 130
3163 3160
3787 3778
3954 3955
1786 1783
4817 4818
1890 1840
21 1
3175 3170
375 4
4139 4122
1561 1557
981 982
6013 6012
4204 4187
3514 3511
482 480
4355 4356
3274 3270
2694 2695
265 253
4884 4885
5227 5224
6068 6069
1058 1057
2277 2262
2191 3013
4429 4426
5289 5284
301 297
4672 4598
19 2304
1113 1114
5001 5002
315 316
5896 5854
4566 4552
2826 2827
5917 5913
4496 4493
327 326
371 369
233 139
651 652
2882 2880
3461 3459
1804 1799
3688 3394
4333 4327
3476 3474
1516 1517
2376 2375
551 542
5747 5478
3528 3526
799 792
2110 2111
5998 5999
3291 3290
4750 4736
1114 1069
1312 1313
5525 5523
5544 5536
1655 1652
2446 2447
5307 5300
338 326
2786 2781
57 47
5817 5816
1648 1649
1667 1662
5536 5537
6 1
5879 5876
4222 4216
3642 3641
3361 3362
1552 1537
1984 1985
4864 4851
3143 3139
3203 3190
685 676
388 389
3848 3830
1497 1493
810 792
1777 1776
5668 5669
2763 2746
4631 4626
1253 1254
5721 5717
1946 1935
6004 6005
1615 1606
455 456
5355 5330
1334 1327
193 190
4926 4924
2985 2980
4724 4709
3829 3830
5568 5559
3883 5527
4657 4655
1950 1946
529 526
3822 3790
5262 5260
5281 5273
3321 3279
5422 5626
2841 2827
5336 5330
4756 4755
6136 6137
5616 5613
5635 5626
647 639
1447 1446
366 360
5679 5669
3958 3957
6145 6142
6148 6147
148 137
4000 5122
2880 2876
1503 1499
5391 5387
1222 1220
661 658
3689 3688
1521 1516
3733 3731
2611 2607
4076 4070
1514 1513
566 542
2998 2989
4904 4895
2156 2148
4028 4029
2648 2647
4668 4655
990 991
5760 5755
772 768
1052 1051
11 1838
1584 1585
547 542
3575 3572
4007 3983
159 137
1750 1739
1182 1174
5010 5011
5873 5874
4212 4213
3607 3581
3774 3758
1026 1011
1458 1459
5084 5081
676 669
5128 5124
118 112
2566 2567
2909 2906
3681 3651
3252 3245
5142 5143
5183 5181
2666 2626
4105 4100
497 495
27 5713
727 728
1045 1037
1306 1307
2160 2121
4400 4398
3662 3651
54 46
4172 4167
5375 5364
1657 1658
5564 5559
2816 2812
919 911
3818 3790
58 57
77 70
3370 3371
631 629
2871 2869
763 748
2827 2799
397 398
696 694
5744 5732
995 990
3226 3218
1638 1621
2171 2121
1505 1506
5176 5167
988 987
6020 6017
4599 4597
2639 2640
3912 3896
2491 2476
3499 3498
4359 4356
1350 1339
3801 3799
2140 2138
2704 2705
3344 3331
4891 4890
5212 5211
5215 5216
2713 2710
1125 1113
4153 4143
3469 3447
4477 4469
4946 4947
2261 2256
881 874
6080 6081
1391 1390
2043 2033
5711 5689
1690 1686
4570 4552
1394 1395
2314 2304
3114 3111
5581 5579
4160 4159
596 597
5124 5111
4503 4498
614 5081
4783 4781
4547 4541
3967 3966
1147 1114
378 374
3406 3404
2886 2880
4651 4598
4310 4305
5936 5928
1808 1799
4213 4143
5419 5409
1379 1356
3701 3702
3737 3396
3480 3474
5692 5689
1136 1113
4551 4552
1242 1243
5754 5749
4377 4372
4616 4617
507 501
2114 2111
3879 3866
1597 1592
129 326
201 202
5249 5240
1061 1060
4952 4953
4284 4265
5311 5300
342 326
4813 4794
2213 2211
2812 2799
1696 1692
1715 1705
5070 5066
2508 2509
5555 5552
5019 5020
5038 5033
5318 5316
3897 3896
5810 5778
3424 3420
4303 4291
1205 1202
2046 2047
4233 4232
5953 5948
924 923
2389 2386
2767 2746
2640 2641
3560 3550
406 5548
5791 5778
3490 3491
314 297
5494 5491
4413 4405
3833 3830
1167 1152
6129 6123
2748 2746
4490 4480
3863 3830
2249 2244
3342 3340
3383 3378
5683 5669
2245 2246
5588 5553
70 71
930 929
1850 1838
1976 1977
4881 4873
4269 4265
3002 2989
724 716
4593 4591
3796 3789
2655 2652
1347 1338
786 776
6 3065
137 138
1398 1340
4025 4026
1296 1292
3508 3507
2430 2426
4090 4091
4150 4142
2193 2190
4493 4481
6103 6096
254 255
890 883
2780 2781
4280 4265
92 85
5590 5588
1462 1459
41 39
901 897
3992 3983
4792 4790
1824 1811
122 112
1546 1537
2437 3731
3197 3190
679 676
2960 2954
2399 2392
439 435
1012 970
4342 4338
453 454
4625 4626
5485 5484
2123 2120
3547 3545
1587 1588
2809 2798
2229 2223
2394 2290
2979 2980
1712 1704
6069 6070
1705 1664
627 620
68 67
1716 1715
3755 3736
5160 5148
641 639
3108 3107
700 694
3432 3433
3451 3446
5058 5056
1450 1451
5102 5099
5943 5944
4824 4825
176 172
4603 4597
5208 5202
5507 5498
6147 6124
2085 2083
2945 2941
4729 4709
4508 4481
1287 1285
190 191
1671 1662
4932 4930
1324 1325
4185 4178
1343 1338
2716 2717
4997 4995
4436 4433
3638 3635
3118 3111
5009 5005
153 137
3348 3344
600 597
3694 3688
4614 4597
3454 3447
1885 1863
744 726
1456 1457
2975 2954
3816 3799
658 659
3705 3702
19 4873
3169 3170
3768 3758
1020 1011
1140 1113
5400 5398
4839 4836
3698 3699
4060 4051
2664 2661
2383 2382
3243 3240
3883 3866
2102 2103
5994 5992
1006 1005
1866 1863
2726 2721
725 726
5196 5194
6056 6052
1087 1078
4099 4100
2501 2495
4949 4950
4111 4110
2003 1989
5033 5028
3656 3651
4166 4167
5606 5600
5886 5883
3517 3492
5089 5081
1109 1079
5369 5364
3368 3369
1427 1425
775 1499
1209 1202
2050 2047
5362 5361
5670 5477
1220 1068
757 748
3785 3778
1784 1783
1529 1530
167 165
19 1
3050 3036
2637 2638
1090 1079
513 509
1559 1557
1839 1840
6011 6012
452 4
5834 5827
2025 2003
4845 4818
3272 3270
2456 2455
5503 5498
1895 1893
5225 5224
4686 4687
1097 1095
5269 5267
5549 5550
5609 5601
0 1
3888 3889
4471 4469
1392 1393
872 869
3752 3735
3963 3955
1795 1783
4826 4818
1725 1724
3184 3170
2027 2025
3634 3635
4239 4240
5118 5111
2360 2356
1802 1799
5192 5181
5236 5224
695 660
2374 2375
5298 5284
5748 5749
6107 6096
5112 5050
1103 1101
2710 2711
1912 1913
324 316
5243 5240
4575 4552
2835 2827
834 832
894 883
5926 5913
5305 5300
336 326
2784 2781
1927 1928
5815 5816
2267 2262
266 267
4438 4439
3990 3983
2242 2205
4220 4216
3640 3641
4393 4373
4434 4145
1550 1537
4862 4851
1761 1757
3201 3190
2325 2324
2684 2671
4556 4552
683 676
3976 3977
1137 5047
667 668
1527 1526
5214 5195
2636 2630
5664 5660
808 792
5770 5763
4629 4626
1613 1606
1033 1031
4685 4679
2983 2980
4407 4405
3027 3023
1153 1069
3307 3306
3947 3932
5387 5365
1948 1946
527 526
4740 4736
3212 3190
571 569
4198 4187
5830 5827
5552 5553
3 4
5054 5047
1487 1480
5334 5330
4754 4755
645 639
3377 3378
5677 5669
2296 2292
5888 5889
4640 4626
2919 2914
5090 5091
1501 1499
5389 5387
3713 3714
6032 6018
4872 4868
464 456
3495 3491
1936 1841
4733 4709
2996 2989
6027 6024
1039 1037
2646 2647
4666 4655
1959 1946
538 526
2708 2707
471 472
5219 5218
770 768
830 819
1050 1051
2850 2827
4702 4699
5345 5330
4765 4755
2184 2185
6094 6091
4714 4709
3126 3112
3346 3344
545 542
1386 1387
11 3052
5558 5559
5577 5572
157 137
1748 1739
3311 3279
1874 5527
1180 1174
5115 5110
5625 5626
28 5513
3104 3070
3986 3983
1818 1811
1238 1236
2678 2669
2098 2094
5126 5124
5170 5167
5356 5357
1001 1000
3512 3511
3250 3245
1870 1863
6042 6035
5200 5194
4103 4100
4328 4218
4894 4895
3834 5669
3586 3581
2209 2204
2448 2449
4676 4672
15 2029
1411 1406
1323 1293
289 282
5529 5527
3660 3651
5330 5317
3616 3581
2582 2570
3893 3889
3354 3352
606 605
5137 5124
3136 3129
127 112
5026 5027
618 615
3646 3645
917 911
5965 5949
5930 5928
4509 4508
1988 1989
3261 3245
1859 1838
2851 2852
1773 1771
1482 1070
1533 1530
972 968
2324 2288
407 408
2688 2686
1591 1592
3671 3651
3497 3498
4357 4356
5542 5536
5728 5726
2120 2121
1322 1323
2182 2181
4114 4113
4974 4971
2825 2812
1665 1662
6133 6125
3035 3036
1658 1659
1721 1715
580 578
2020 2011
860 861
879 874
2363 2350
1389 1390
1972 1970
705 694
2312 2304
3235 3218
4243 4240
1495 1493
5122 5111
4246 4245
4545 4541
3965 3966
2585 2584
5897 5898
5317 5286
4368 4356
1806 1799
3810 3799
4018 4014
5417 5409
129 130
5442 5439
5224 5216
5690 5689
1134 1113
3601 3581
5734 5732
5945 5915
5752 5749
1908 1904
4095 4089
4375 4372
247 243
3877 3866
5247 5240
218 215
259 253
1059 1060
3246 3245
5309 5300
2773 2769
4433 4434
1931 1928
1115 1113
2555 2546
4442 4439
5283 5284
1694 1692
5866 5864
5428 5409
2787 2788
5068 5066
4866 4851
2329 2324
5641 5638
4560 4552
952 947
3980 3977
3422 3420
4231 4232
5028 5007
28 2669
5258 5240
1369 1356
2118 2117
4910 4907
2162 2160
5789 5778
2392 2393
224 221
1724 1705
4005 3983
4411 4405
283 276
4455 4448
1937 1934
6018 5988
5264 5260
5828 5827
279 278
3906 3896
5327 5316
5538 5536
3089 3085
852 850
4803 4794
1214 1202
2055 2047
3381 3378
5681 5669
2524 2525
5385 5378
2864 2859
130 47
3374 3375
2383 3983
3957 3955
299 4
2857 2856
3717 3714
3569 3550
928 929
1848 1838
5800 5778
5841 5779
1199 1200
4879 4873
4422 4405
3842 3830
1264 1265
1043 1037
4995 4977
5962 5961
3794 3789
4304 4305
478 477
3506 3507
6017 6018
2428 2426
5349 5330
4769 4755
4148 4142
2472 2469
2191 2190
5562 5559
165 138
5045 5040
3624 3620
30 5282
888 883
3160 3112
4779 4776
4278 4265
90 85
2601 2596
4041 4029
1460 1459
424 375
83 82
3111 3112
1822 1811
1407 1340
3190 3112
5984 5975
1799 1800
138 139
2958 2954
3018 3005
437 435
5469 5465
560 542
5481 5475
4340 4338
3303 3295
3007 3004
1068 1069
2807 2798
2227 2223
1710 1704
3941 3932
991 970
3310 3311
1 2
1766 1757
3206 3190
625 620
105 96
3265 3245
10 990
2236 3103
3857 3830
4849 4844
31 2
2630 2626
4054 4051
2913 2914
5100 5099
5724 5717
4047 4048
174 172
1535 5513
5206 5202
1844 1838
360 298
6078 6070
469 470
1953 1946
532 526
4981 4976
1600 1599
1385 1381
2567 2290
824 819
1684 1677
3316 3317
5036 5033
3098 3094
4708 4709
3441 3433
151 137
5092 5049
63 61
598 597
3951 3949
343 344
1203 1202
4250 4245
5901 5898
3112 3113
4612 4597
3814 3799
5446 5439
4825 4826
5465 5452
3357 3331
2367 2363
1138 1113
2650 2651
4837 4836
1569 1565
3220 3218
1632 1621
832 777
2662 2661
5523 5514
2381 2382
1004 1005
2485 2476
1864 1863
2724 2721
2717 2718
2777 2769
3016 3014
2499 2495
1119 1113
2559 2546
3053 3054
5432 5409
4836 4826
2255 2256
1990 2739
273 274
1233 1070
3178 3170
2617 2608
2037 2033
5645 5638
5040 5006
1986 1987
5360 5361
1875 1863
734 726
5186 5181
5154 5148
726 727
1309 1307
228 221
3521 3522
3820 3818
1362 1355
5649 5477
2521 2509
1941 1934
4752 4737
5763 5764
4175 4167
847 845
2454 2455
3314 3313
3526 3492
5501 5498
1077 1078
4965 4966
2236 2232
856 850
2299 2288
3326 3323
4807 4794
5626 5614
1218 1202
2059 2047
2185 2186
2790 2791
4230 4224
80 70
2931 2915
1513 1500
1554 1538
1793 1783
2285 2245
5032 5033
1723 1724
5804 5778
5895 5896
2306 2304
5282 5144
4297 4291
3720 3721
5179 5167
3502 3498
2081 2078
4362 4356
1261 1262
5234 5224
3554 3550
9 1
1535 2669
5296 5284
308 297
4647 4646
4086 4084
4130 4127
2989 2990
169 138
1161 1152
4192 4187
2534 2531
2310 3052
2833 2827
4484 4480
5924 5913
2527 2528
2265 2262
3742 3735
134 130
5982 5975
5462 5451
5972 5967
2323 2324
2364 2362
962 955
215 203
382 380
970 779
4554 4552
4034 4028
426 423
4727 4709
4317 4316
5363 5364
2656 2655
718 716
1921 1913
1341 1338
5768 5763
780 776
4240 4217
4372 4373
2844 2827
5314 5300
1200 1069
1592 1593
5764 5765
5824 5816
2216 2211
2276 2262
4683 4679
2427 2394
3025 3023
3305 3306
6097 6096
3929 3924
1928 1929
4439 4440
4738 4736
3150 3139
3210 3190
5321 5316
2973 2954
5872 5870
3124 3123
395 389
861 862
1485 1480
2345 2338
817 792
5956 5948
2294 2292
2858 2859
4638 4626
1260 1254
3708 3709
1540 1537
979 975
3191 3190
4870 4868
462 456
3493 3491
1832 1830
4583 4582
3836 3830
6064 6053
4907 4908
798 792
1677 1663
1957 1946
536 526
4109 4110
1964 1841
2252 2244
4700 4699
6071 6069
295 292
4763 4755
5343 5330
5623 5613
1915 1841
3386 3378
5686 5669
5292 5284
4712 4709
1148 1147
867 868
2928 2914
347 344
3378 3379
1229 1220
1396 1397
5911 5908
2829 2827
5113 5110
1732 1733
2031 2029
3455 3454
934 935
3445 3446
136 137
3467 3464
5527 5514
5978 5975
3290 3279
3331 3280
2130 2129
192 190
4723 4709
554 542
5066 5048
3065 3053
5516 5513
2207 2204
4674 4672
1066 1067
3297 3295
1189 1174
1409 1406
4437 4436
5017 5011
1321 1293
1535 5194
3271 3242
3983 3973
1982 1978
1402 1403
3182 3170
3614 3581
3633 3631
25 26
5634 5626
904 897
604 605
5135 5124
3134 3129
3644 3645
1520 1516
99 96
3127 3126
4507 4508
3259 3245
1879 1863
5411 5409
2610 2607
442 435
3709 3710
2969 2954
4305 4266
391 389
1251 1247
671 672
3851 3830
1531 1530
4843 4844
4903 4895
2735 2723
2155 2148
3595 3581
3762 3758
6002 5998
1014 1011
4012 3869
3669 3651
4381 4382
4163 4159
3530 3492
1081 1078
4112 4113
4972 4971
523 521
189 5600
5271 5267
2514 2508
4177 4178
2148 2121
1719 1715
5027 5028
2018 2011
3650 3651
2572 2570
5619 5613
3511 3492
703 694
3961 3957
5662 5660
3233 3218
416 408
4244 4245
3724 3721
179 172
3446 3447
4366 4356
2129 2121
2409 2404
3541 3492
10 5732
5440 5439
1271 1272
751 748
3779 3778
5238 5224
2941 2938
1674 1662
2121 2122
13 1
4352 4350
3044 3036
4935 4930
4134 4127
526 522
245 243
3900 3896
2479 2476
1338 1339
257 253
3121 3111
2771 2769
5052 5047
603 597
6142 6138
2553 2546
593 589
3580 3581
5861 5859
3457 3447
5426 5409
775 5669
1405 1406
2327 2324
5699 5689
4558 4552
950 947
3610 3581
3978 3977
1029 1011
994 990
433 428
4321 4316
943 944
3886 3866
208 202
5256 5240
488 485
2848 2827
1124 1113
3531 3530
1075 1076
4963 4964
277 278
318 316
4569 4552
3087 3085
5167 5144
1991 1987
4272 4265
1430 1425
5299 5300
330 326
2570 2566
5598 5596
4502 4498
4930 4908
4801 4794
1212 1202
2053 2047
3984 3983
2862 2859
4856 4851
2855 2856
3715 3714
1800 1759
3567 3550
766 748
3479 3474
5798 5778
5839 5779
5148 5144
4420 4405
3840 3830
2113 2111
4993 4977
2393 2394
5960 5961
3275 3270
3915 3896
2755 2746
2175 2171
6066 6064
237 232
1607 1606
5347 5330
3891 3889
3390 3378
2189 2190
4121 4122
125 112
4464 4461
1155 1152
3622 3620
2525 2526
2005 2002
28 5548
1857 1838
1728 1724
5809 5778
886 883
30 5099
2599 2596
5671 5669
81 82
2126 2120
4313 4305
1565 1558
5966 5967
2377 2375
417 418
1356 1340
2200 2190
199 195
3139 3112
667 5669
4660 4655
3218 3112
6084 6080
1263 1233
6033 6034
3758 3736
4287 4265
5859 5854
6139 6137
269 267
29 26
1469 1459
3341 3340
5061 5056
3060 3061
1293 1233
3920 3919
3939 3932
3999 3983
5571 5572
4449 4448
1742 1739
1764 1757
3204 3190
623 620
664 658
1524 1516
103 96
2967 2954
446 435
616 617
2897 2895
5409 5365
4847 4844
3599 3581
1812 1811
4052 4051
2672 2669
4632 4626
1295 1292
5722 5717
2425 3731
3245 3241
216 215
1649 1645
1069 1070
1951 1946
4979 4976
6113 6110
1383 1381
1663 1664
1934 1935
2797 2798
648 639
3096 3094
3439 3433
2922 2914
4529 4524
121 112
5109 5099
4248 4245
1693 1664
5039 5040
183 172
436 2338
2354 2349
353 354
4821 4817
2073 2070
1837 1830
369 298
5444 5439
3727 3728
4577 4578
1630 1621
5222 5218
2464 2463
3904 3896
2483 2476
4373 4374
3576 3572
869 863
2819 2812
2541 2538
3176 3170
5643 5638
359 360
5407 5398
998 990
3450 3446
4776 4777
4602 4597
1873 1863
1353 1339
732 726
792 777
212 202
2944 2941
5184 5181
3804 3799
1286 1285
4106 4100
2146 2143
3516 3517
1128 1113
5300 5285
3579 3573
2438 2436
6049 6046
5488 5484
1360 1355
5513 5514
5532 5527
1533 5713
4971 4965
3871 3866
4091 3869
2733 2734
4173 4167
3073 3068
3637 3635
5376 5364
1935 1936
1995 1987
1434 1425
4446 4447
4506 4498
3069 3070
1216 1202
2057 2047
4228 4224
743 726
3430 3426
632 629
3704 3702
4072 3869
956 955
5163 5148
2002 2003
3483 3474
4513 4514
4295 4291
406 407
5712 5713
5731 5726
2699 2695
2403 2404
5510 5498
4073 4070
4693 4687
7 1
306 297
3038 3036
4478 4469
1078 1079
4645 4646
4128 4127
411 5194
1159 1152
923 912
4190 4187
5667 5660
3105 3103
2588 2584
2887 2880
927 923
4519 4520
2351 2348
5379 5378
1809 1799
4021 4014
3740 3735
132 130
1739 1740
3784 3778
5693 5689
2986 2980
4032 4028
4315 4316
2935 2934
2654 2655
250 243
4201 4187
3788 3789
6088 6080
479 480
1919 1913
5250 5240
262 253
2842 2827
3009 3004
5180 5181
6040 6039
3333 3330
494 495
4962 4958
2214 2211
2274 2262
4445 4439
36 31
6095 6096
2122 1841
3927 3924
5077 5066
1768 1757
3208 3190
2332 2324
1979 1977
611 612
2543 2544
3702 3698
3122 3123
5372 5364
84 85
815 792
947 948
3458 3459
789 776
5648 5649
4818 4145
1258 1254
1299 1292
4850 4851
4330 4327
3189 3190
4049 4048
2391 2392
22 1
5202 5195
4622 4620
3034 3023
6106 6096
3525 3526
516 509
796 792
3824 3822
4448 4440
2727 2728
4747 4736
4917 4918
2749 2746
5837 5827
1091 1090
5559 5553
293 292
3384 3378
302 297
1146 1147
65 61
5097 5091
1549 1537
3140 3139
401 397
5152 5148
1686 1663
415 416
3789 3790
5456 5451
3288 3279
2128 2129
1032 1031
1892 1889
5352 5330
4772 4755
1331 1327
4721 4709
354 298
552 542
5565 5559
6031 6032
1755 1739
4654 4655
1106 1101
5838 5839
2409 3697
1187 1174
519 486
818 819
1678 1677
5850 5849
3651 3573
5333 5330
5632 5626
1463 1459
363 360
3394 3395
3993 3983
1453 1451
145 137
5177 5167
3923 3924
339 676
2076 2073
4827 4825
1219 1220
2079 2078
1518 1516
97 96
3125 3126
1877 1863
440 435
2091 2088
5119 5118
563 542
2714 2710
4901 4895
2153 2148
3593 3581
3760 3758
4426 4373
1531 5548
3523 3522
2445 2441
5757 5755
769 768
1137 5099
3538 3537
522 487
4161 4159
5689 5476
3950 3868
5937 5928
108 96
4469 4433
960 955
3604 3581
3771 3758
1023 1011
5941 5939
4844 4845
3722 3721
177 172
3678 3651
3249 3245
2669 2670
2707 2696
2407 2404
5199 5194
170 169
5438 5439
6059 6052
749 748
573 522
1603 1599
3042 3036
1958 5439
4933 4930
288 282
5556 5552
587 578
3898 3896
6110 6111
2581 2570
2319 2304
3330 3331
2813 2812
4253 4245
2592 2584
591 589
5904 5898
74 70
2138 2121
3550 3492
5449 5439
2868 2869
760 748
3167 3165
1787 1783
5697 5689
693 694
5741 5732
10 435
4581 4582
992 990
431 428
4319 4316
3223 3218
5110 5111
1562 1557
5173 5167
6014 6012
1535 5066
6096 6081
96 71
3515 3511
206 202
2137 2138
5228 5224
498 495
1339 1340
1122 1113
2562 2546
3589 3581
4430 4426
5290 5284
1701 1692
3012 3011
1351 1350
1354 1355
5435 5409
3865 3866
2204 2205
55 46
2336 2324
5708 5689
3067 3068
1687 1686
4567 4552
5578 5579
328 326
4500 4498
4780 4781
4799 4794
3403 3404
5976 5975
4854 4851
3477 3474
4589 4553
1538 1539
5751 5749
504 501
6043 6042
1594 1592
2753 2746
2173 2171
6046 6047
5545 5536
4385 4386
2470 2394
235 232
5308 5300
859 850
4810 4794
5777 5778
42 39
2062 2047
2408 2455
1668 1662
3388 3378
1150 1147
4462 4461
2934 2915
4865 4851
3144 3139
5315 5316
1726 1724
5807 5778
629 630
4536 4531
3849 3830
5046 5047
2878 2875
2339 2338
4343 4338
5950 5948
2124 2120
2764 2746
4311 4305
1642 1622
3557 3550
6024 6018
1616 1606
1275 1276
2495 2477
5788 5778
4067 4066
4927 4924
2198 2190
197 195
4410 4405
172 138
4920 4921
1910 1908
6082 6080
4122 4123
2589 4448
895 883
81 2356
1531 2033
3447 3395
5857 5854
5337 5330
4757 4755
3336 3335
5617 5613
5636 5626
4048 4029
27 26
1467 1459
2047 2034
3339 3340
5680 5669
5059 5056
30 31
3918 3919
3959 3957
6149 6147
3401 3400
5071 5066
1504 1499
1223 1220
662 658
4834 4830
1645 1623
444 435
567 542
2659 2655
2999 2989
4590 4591
6030 6024
4669 4655
783 776
2390 2386
1810 1811
5761 5755
773 768
4383 4382
4147 4142
2165 2160
3085 3069
3535 3534
4008 3983
4741 4736
5831 5827
1315 1293
4346 4328
3864 3830
5587 5588
3608 3581
898 897
4789 4790
1821 1811
4061 4051
2681 2669
1480 1481
2920 2914
119 112
3412 3413
3711 3709
5491 5476
181 172
3253 3245
1851 1838
2396 2392
1835 1830
4327 4328
1340 1070
4339 4338
2451 2449
5855 5766
4401 4398
4703 4699
3663 3651
2806 2798
2226 2223
1428 1425
5299 5669
350 344
2798 2799
2817 2812
4257 4245
5053 5613
3492 3395
1152 1153
3392 3393
2012 2011
4524 4481
937 935
5405 5398
4885 4874
697 694
3448 3446
3227 3218
1639 1621
2133 2129
1553 1554
6021 6017
4600 4597
3913 3896
2492 2476
4852 4818
5504 5498
2082 2083
2942 2941
1395 1382
3802 3799
4892 4890
1284 1285
2144 2143
486 487
1126 1113
2418 2419
1970 1963
528 5853
1620 1621
1358 1355
1683 1677
5530 5527
5975 5914
3185 3170
2044 2033
3115 3111
1993 1987
850 777
3647 3645
4548 4541
2547 2546
3407 3404
4611 4597
1882 1863
741 726
3813 3799
5420 5409
674 672
1534 1530
954 955
3765 3758
4045 4041
1095 1079
1517 1482
2916 2914
3880 3866
5209 5202
2461 2455
1084 1078
3015 3014
2734 2735
4814 4794
5 1
2517 2508
2011 2003
5603 5600
1730 1724
5665 5660
2403 2463
1496 1493
2287 2288
2586 2584
1206 1202
925 923
1489 1490
4369 4356
5377 5378
688 687
4019 4014
3782 3778
3561 3550
5713 5714
1283 1277
5792 5778
16 1
5495 5491
2653 2651
2933 2934
4137 4127
1556 1557
2416 2415
248 243
1168 1152
2135 2136
4199 4187
6086 6080
3269 3270
6130 6123
260 253
4491 4480
2254 2245
1094 1095
2297 2292
296 297
3749 3735
1792 1783
931 929
4561 4552
3981 3977
4882 4873
5912 5913
4324 4316
428 429
787 776
5450 5451
3468 3469
2431 2426
2283 2262
2670 2671
5295 5284
4715 4709
3574 3572
3966 3867
6104 6096
1399 1397
4745 4736
5539 5536
2832 2827
831 832
333 326
4281 4265
2264 2262
5591 5588
1035 1012
3486 3472
623 1970
3933 3932
1825 1811
5656 5653
1547 1537
3718 3714
3138 3139
3198 3190
2621 2620
680 676
2961 2954
2400 2392
399 397
4851 4852
2938 2741
162 161
4914 4908
411 5066
1492 1493
805 792
694 695
5767 5763
2178 2171
5716 5717
4969 4965
3548 3545
1459 1437
1610 1606
1030 1031
4770 4755
1329 1327
2810 2798
2230 2223
232 233
4120 4121
3024 3023
2697 2628
1104 1101
1945 1946
5276 5273
568 569
2008 2002
4456 4457
6126 6123
2032 5513
5848 5849
5161 5148
5331 5330
5630 5626
642 639
941 935
361 360
5674 5669
2293 2292
3452 3446
143 137
2875 2876
5103 5099
5386 5387
4009 4010
4869 4868
5729 5726
4588 4589
4730 4709
2089 2088
4950 4941
5117 5118
561 542
2993 2989
4644 4642
4663 4655
535 526
3304 3295
1344 1338
1196 1174
767 768
827 819
5534 5527
3278 3279
4539 4481
4002 3983
154 137
5854 5855
1745 1739
4405 4373
3695 3688
106 96
4615 4597
1886 1863
745 726
1177 1174
509 486
2976 2954
3641 3573
2030 2029
3602 3581
3769 3758
1021 1011
372 373
4840 4836
3379 3280
1438 1070
5123 5124
6120 5987
5652 5653
2384 2382
3676 3651
2107 2104
5995 5992
1007 1005
3247 3245
1867 1863
6039 6035
5197 5194
168 169
6057 6052
1088 1078
4699 4688
4119 4113
3583 3581
1002 1011
1601 1599
2502 2495
1960 1946
4673 4672
4392 4393
5016 5011
286 282
3657 3651
49 46
2579 2570
5607 5600
2546 2393
5887 5883
5370 5364
3952 3949
870 868
2590 2584
5902 5898
914 911
955 912
72 70
3117 5484
2284 2285
2136 2121
4023 4014
5447 5439
758 748
3786 3778
2349 2350
6001 5998
4580 4578
20 1
5739 5732
3051 3036
3221 3218
514 509
2685 2686
5171 5167
2467 2463
3907 3896
2486 2476
3513 3511
264 253
1896 1893
2778 2769
5226 5224
5270 5267
1120 1113
4989 4988
4428 4426
617 4
4992 4993
4472 4469
5842 5843
3753 3735
2017 2011
876 874
1736 1732
1796 1783
5706 5689
1685 1686
4890 4874
2309 2304
607 605
3232 3218
1511 1506
370 369
5963 5961
4542 4541
1142 1114
2881 2880
4646 4598
2232 2205
5931 5928
1803 1799
5414 5409
3734 3735
1585 1576
4597 4598
5237 5224
3519 3517
4159 4143
2422 2423
502 501
3874 3866
6041 6042
325 316
776 777
3057 3055
5244 5240
3076 3068
5524 5523
4576 4552
5543 5536
1355 1356
2836 2827
3542 3541
835 832
5601 5477
1998 1987
4279 4265
3866 3867
5306 5300
857 850
337 326
4808 4794
40 39
2060 2047
3068 3069
6053 5988
2419 2394
1691 1692
4221 4216
3896 3867
4863 4851
2326 2324
4516 4514
3416 3415
1528 1526
4298 4291
1758 1759
2618 2617
4918 4908
2463 2450
5771 5763
2762 2746
5572 5553
4696 4687
3555 3550
1614 1606
67 47
5786 5778
5827 5779
4065 4066
4925 4924
4408 4405
3028 3023
2374 4448
3267 3268
4452 4448
510 509
5778 5779
1162 1152
5261 5260
5280 5273
5324 5316
1621 1622
4466 4467
3086 3085
6114 6115
1558 1539
3858 3830
5055 5047
5316 5317
5335 5330
2035 1841
5959 5948
5678 5669
2861 2859
113 112
1502 1499
1221 1220
3566 3550
5973 5967
1845 1838
4035 4028
3735 3736
2657 2655
716 711
2997 2989
222 139
2436 2427
719 716
6028 6024
1040 1037
4667 4655
4071 4072
1342 1338
771 768
3415 3394
2425 2426
3285 3284
3004 3005
4936 4937
546 542
4006 3983
6098 6096
1110 1109
4138 4139
203 139
2890 2876
1749 1739
3621 3620
1963 1964
110 96
5851 5852
841 840
321 316
885 883
2904 2895
4275 4265
4316 4266
87 85
5116 5110
2447 2427
2598 2596
896 897
3987 3983
1819 1811
1239 1236
2679 2669
2099 2094
5647 5648
1302 1292
653 617
3192 3190
1232 1233
2111 2104
5466 5465
3843 3830
3827 3822
5714 5715
2147 2148
3587 3581
2730 2728
4337 4338
1412 1406
4399 4398
290 282
2741 2742
2804 2798
2224 2223
3617 3581
1707 1704
3894 3889
3938 3932
5378 5365
3077 3078
2929 2914
128 112
348 344
5906 5898
622 620
4510 4508
3262 3245
1860 1838
404 397
3154 3153
1774 1771
4014 4011
633 634
969 970
2689 2686
5459 5451
2692 2691
2131 2129
171 172
2490 2476
5203 5202
1034 1035
5502 5498
2701 2696
1393 1382
4125 4121
5451 5452
6075 6070
1666 1662
4978 4976
4180 4178
1681 1677
581 578
2021 2011
2260 2256
880 874
1444 1441
597 522
3095 3094
1973 1970
706 694
5004 5005
1437 1438
3343 3344
3236 3218
4247 4245
639 640
4546 4541
2545 2546
4609 4597
1880 1863
2891 2890
2951 2941
2970 2954
3811 3799
5418 5409
3635 3573
713 710
436 1893
2083 2084
1135 1113
4087 4084
1566 1565
1629 1621
4096 4089
1367 1355
4080 4081
5986 5987
3878 3866
633 2299
219 215
1535 2107
614 5669
1137 5215
4390 4391
2496 2495
2556 2546
2515 2508
2795 2791
5867 5864
3349 3350
4209 4208
5429 5409
620 616
5000 4966
963 955
5642 5638
2956 5755
3080 3081
3423 3420
4264 4265
3442 3433
4302 4291
840 777
1204 1202
1203 3983
731 726
3780 3778
292 275
4010 4011
2683 2684
4911 4907
2163 2160
14 1
4353 4350
5194 5195
225 221
3045 3036
3817 3818
4135 4127
1938 1934
5829 5827
280 278
5328 5316
2852 2799
1370 1369
2233 2232
6121 6120
1157 1490
6124 6125
2595 2584
1215 1202
594 589
3464 3447
3429 3426
2288 2289
3747 3735
911 912
1790 1783
3570 3550
5889 5854
2300 2299
5801 5778
3179 3170
4039 4028
4880 4873
4423 4405
985 982
897 869
2355 2356
3795 3789
1926 1913
2698 2695
1557 1558
5231 5224
6072 6069
5870 5854
2429 2426
2281 2262
1572 1573
5293 5284
305 297
2192 2190
6102 6096
5847 5843
3625 3620
4189 4187
319 316
4998 4999
2830 2827
889 883
5921 5913
331 326
91 85
4215 4216
5065 5066
1756 1757
3196 3190
2380 2375
379 380
5260 5241
678 676
2398 2392
803 792
5482 5475
4237 4217
4388 4386
768 727
2686 2687
2169 2168
61 47
5821 5816
4680 4679
1711 1704
3022 3023
3942 3932
3926 3924
2523 2521
1664 1070
907 862
1767 1757
3207 3190
4735 4736
2006 2002
626 620
3147 3139
3358 3359
3158 3153
5610 5609
2342 2338
814 792
1781 1776
5672 5669
2291 2292
5776 5763
4635 4626
4055 4051
1257 1254
3280 2742
5463 5451
948 913
1619 1606
2627 2628
459 456
3487 3486
4867 4868
5207 5202
2365 2362
1829 1830
4728 4709
2991 2989
1954 1946
533 526
4982 4976
5732 5733
1922 1913
1046 1047
825 819
2845 2827
4996 4995
5340 5330
4760 4755
5620 5613
3099 3094
1961 1962
5008 5005
152 137
1743 1739
5395 5387
1226 1220
3306 3279
665 658
3693 3688
1692 1693
1175 1174
2615 2607
1499 1500
3686 3685
2441 2427
2028 2029
1281 1277
5399 5398
1230 1231
2093 2094
1633 1621
2663 2661
1865 1863
2725 2721
4940 4941
3620 3573
4291 4266
4142 4143
1754 1739
2500 2495
2519 2508
4671 4672
3294 3295
4154 4153
1186 1174
5014 5011
3655 3651
3611 3581
5605 5600
2038 2033
5088 5081
5132 5124
3131 3129
2034 2035
3256 3245
735 726
5146 5143
5187 5181
5155 5148
967 968
3592 3581
3759 3758
5475 5476
3666 3651
2465 2463
2695 2696
4176 4167
2237 2232
2256 2245
520 521
2820 2812
5268 5267
2532 2530
572 573
2015 2011
1435 1436
1734 1732
1794 1783
2307 2304
999 990
2631 2630
3230 3218
5659 5660
542 522
1509 1506
2879 2880
2643 2640
3503 3498
4363 4356
1801 1799
2406 2404
4013 4014
1608 1606
5235 5224
1838 1839
5726 5727
1129 1113
4157 4143
2417 2418
309 297
4648 4646
242 243
3872 3866
4193 4187
2211 2205
4943 4944
5242 5240
5522 5523
4574 4552
2318 2304
5585 5579
5516 5745
2768 2769
335 326
3628 3627
4787 4781
2550 2546
4179 4144
3410 3404
5858 5859
4481 4482
4219 4216
2691 2670
5423 5409
4263 4259
1327 1232
3166 3165
3484 3474
5696 5689
2088 2084
2368 2367
4555 4552
3414 3415
430 428
4318 4316
710 711
2616 2617
4661 4655
3924 3867
205 202
5253 5240
1065 1060
1304 1305
1575 1576
777 778
2217 2211
5825 5816
1700 1692
4000 3983
4450 4448
3930 3924
508 509
5259 5260
3151 3139
5023 5020
2335 2324
5322 5316
3107 3069
844 845
3084 3085
2029 1988
5595 5596
46 47
1486 1480
5894 5892
2346 2338
4798 4794
5957 5948
389 386
5676 5669
3420 3421
3949 3950
4853 4851
3564 3550
6012 6005
1843 1838
463 456
5795 5778
3494 3491
2353 2354
4417 4405
3837 3830
4584 4582
4347 4346
1038 1037
2752 2746
2172 2171
6063 6064
234 232
5216 5145
3413 3394
5864 5854
5344 5330
4764 4755
1906 1907
3387 3378
5687 5669
4000 5527
1108 1109
1149 1147
1968 1967
5576 5572
3619 3620
1854 1838
1274 1263
1652 1623
4535 4531
4273 4265
5114 5110
2877 2875
655 652
3985 3983
1237 1236
1300 1292
5007 4876
5979 5975
2434 2426
3013 3005
4374 4145
2197 2190
196 195
5464 5465
4944 4941
555 542
11 378
2426 2427
3289 3290
5517 5513
2208 2204
3298 3295
1190 1174
863 779
1643 1644
133 2596
5594 5588
1466 1459
905 897
3936 3932
3356 3357
3996 3983
1828 1811
47 48
5136 5124
126 112
5498 5476
100 96
3260 3245
1990 2223
5412 5409
402 397
443 435
2894 2895
912 913
1772 1771
392 389
3852 3830
3596 3581
1015 1011
26 2
2625 2626
2108 2107
2127 2120
5719 5717
450 451
1783 1758
3670 3651
5201 5202
4164 4159
2743 2739
524 521
2824 2812
2474 2470
4459 4457
1380 1381
3721 3710
1720 1715
579 578
2019 2011
3371 3331
1442 1441
3093 3094
6140 6137
2573 2570
364 360
704 694
3436 3433
1454 1451
3234 3218
5106 5099
4526 4524
728 4
180 172
4607 4597
5511 5498
1270 1263
2949 2941
2410 2404
5441 5439
4553 4482
3352 3331
752 748
475 470
1316 1315
2362 2363
1675 1662
1133 1113
4873 4874
1564 1565
614 2211
1627 1621
4094 4089
3901 3896
2480 2476
435 374
2772 2769
5053 5047
4256 4245
2494 2495
2554 2546
5005 5006
5865 5864
4207 4208
5427 5409
5471 5452
3173 3170
3772 3758
5640 5638
2032 2033
5404 5398
951 947
434 428
3887 3866
27 2669
729 726
209 202
5257 5240
489 485
5408 5409
415 2256
5614 5477
1582 1581
2505 2495
3532 3530
223 221
4395 4393
2435 2436
819 777
1357 1355
5078 5066
1980 1977
839 840
4170 4167
1992 1987
1431 1425
851 850
2231 2232
6119 6120
4802 4794
1213 1202
2054 2047
6047 5988
4225 4224
56 57
1704 1705
3427 3426
906 907
5658 5654
1788 1783
3568 3550
2711 2697
2298 2299
5799 5778
23 1
4081 4071
4292 4291
1563 1557
983 982
4011 4012
6015 6012
3793 3789
3276 3270
3916 3896
2460 2455
1899 1893
6067 6064
238 232
4690 4687
3549 3550
3892 3889
2471 2469
303 297
1374 1375
5845 5843
1903 1904
1156 1152
243 138
1858 1838
5898 5854
1688 1686
1729 1724
3188 3170
2828 2827
5856 5857
887 883
4479 4480
5919 5913
3102 3103
669 660
414 407
5613 5614
2884 2880
3238 3112
4815 4816
4655 4598
4314 4305
3778 3736
5457 5451
2939 2937
2378 2375
957 955
4722 4709
2201 2190
200 195
6081 5988
5745 5746
2732 2728
6044 6042
6085 6080
1916 1913
775 776
2839 2827
1418 1407
838 832
3006 3004
6111 5988
5476 5477
3170 3112
4956 4953
340 326
4288 4265
1647 1644
4959 4958
5819 5816
2271 2262
4678 4679
270 267
1971 1970
4051 4029
6143 6142
5062 5056
33 31
5881 5876
3921 3919
3940 3932
3363 3362
5074 5066
1765 1757
3205 3190
624 620
4216 4217
2968 2954
390 389
4338 4328
4921 4908
2340 2338
5915 5766
812 792
4552 4553
3474 3472
3754 3755
5774 5763
2352 2348
1813 1811
4633 4626
5380 5378
5944 5945
1255 1254
5723 5717
974 975
1951 5387
1617 1606
457 456
3485 3486
2987 2980
4619 4620
3031 3023
1310 1311
793 792
3821 3822
1952 1946
3005 2741
4744 4736
3216 3190
4202 4187
5213 5214
2544 2531
1384 1381
6117 6115
5338 5330
4758 4755
5618 5613
649 639
2240 2241
3440 3433
4751 4752
62 61
1989 1841
2923 2914
5655 5653
5094 5091
3953 3954
5393 5387
468 456
3684 3685
5149 5148
3000 2989
3491 3492
4670 4655
1990 5755
711 712
790 776
4382 4373
774 768
1054 1051
4082 4081
1328 1327
2188 2185
1047 1048
4718 4709
549 542
3577 3572
1752 1739
778 779
2542 2538
4152 4153
1184 1174
5012 5011
1977 1978
3177 3170
3609 3581
3776 3758
5629 5626
1028 1011
899 897
940 935
5877 5876
5130 5124
142 137
652 653
4598 4482
1515 1516
3254 3245
1874 1863
733 726
4886 4885
2964 2954
3805 3799
1246 1247
4107 4100
4898 4895
2150 2148
3590 3581
3757 3758
1308 1307
5020 5006
3819 3818
6050 6046
2442 2441
5470 5471
5489 5484
5533 5527
1944 1935
32 5122
3664 3651
6115 6111
4174 4167
610 605
5141 5124
4687 4688
406 5713
5030 5027
921 911
4229 4224
2641 2627
3372 3371
2143 2121
1714 1715
765 748
5164 5148
2564 2565
5938 5939
23 3036
3956 3957
540 522
2112 2111
3675 3651
5669 5670
3501 3498
4361 4356
4074 4070
4118 4113
1669 1662
2696 2697
8 1
4908 4875
2652 2627
3039 3036
4129 4127
521 522
584 578
864 861
4191 4187
252 253
406 2117
2316 2304
3116 3111
3626 3627
6137 6138
4549 4541
3969 3966
2589 2584
588 589
27 2242
2888 2880
112 71
4110 4090
3962 3963
4022 4014
4822 4821
4261 4259
2301 2302
3741 3735
133 130
3164 3165
5694 5689
3605 3581
425 423
1024 1011
5738 5732
989 990
5949 5915
4379 4372
251 243
3881 3866
2220 2205
5251 5240
263 253
1063 1060
2843 2827
4954 4953
5313 5300
1056 1057
5823 5816
2215 2211
2275 2262
613 487
4427 4426
5287 5284
1698 1692
3928 3924
5021 5020
52 46
2333 2324
5273 5241
5705 5689
3083 3081
4564 4552
1983 1982
2415 2393
4494 4493
5373 5364
2565 2566
4497 4498
4796 4794
816 792
2048 2047
761 748
5793 5778
3237 3238
5143 5144
4415 4405
3835 3830
517 509
4345 4346
797 792
4988 4977
3910 3896
2750 2746
2170 2171
5299 5778
1373 1369
139 4
1092 1090
294 292
4762 4755
5342 5330
3366 3365
3385 3378
5685 5669
4475 4469
120 112
2990 2741
3141 3139
1852 1838
2206 1841
4883 4873
4234 4235
4533 4531
5195 5145
3846 3830
2719 2628
1775 1776
4595 4591
5947 5948
2358 2356
4308 4305
2761 2746
5977 5975
2369 2370
2432 2426
5353 5330
4773 4755
1332 1327
2187 1841
2195 2190
194 195
553 542
5566 5559
6076 6075
5515 5513
1107 1101
1907 1908
5279 5273
398 375
6079 6080
892 883
2782 2781
2243 2244
10 5110
4282 4265
6131 6132
94 85
2605 2596
5633 5626
1445 1446
3632 3631
1464 1459
43 39
903 897
3994 3983
1826 1811
6146 6147
191 139
4828 4825
2080 2078
1519 1516
98 96
3971 3972
4831 4830
2962 2954
2609 2607
441 435
501 486
2092 2088
1512 1513
4953 4941
564 542
2154 2148
4344 4338
2387 2386
2106 2107
5758 5755
3240 3241
3539 3537
4162 4159
3945 3932
5813 5812
1644 1645
3831 3830
1539 1070
1656 1655
109 96
6127 6123
5421 5409
1718 1715
2903 2895
3861 3830
2571 2570
3434 3433
2917 2914
5104 5099
116 112
976 970
2907 2906
178 172
3679 3651
5210 5202
4816 4817
451 452
3350 3331
473 470
1604 1599
2423 2419
4934 4930
4653 4651
5217 5218
828 819
5557 5552
2478 2476
2371 2350
1381 1382
2320 2304
2770 2769
1207 1202
2814 2812
4254 4245
1112 1113
5905 5898
5284 5285
982 976
3168 3165
3171 3170
5402 5398
4841 4836
5742 5732
326 298
993 990
432 428
3224 3218
1636 1621
5174 5167
986 987
3885 3866
1008 1005
2489 2476
1868 1863
207 202
4889 4890
1580 1581
2503 2495
1123 1113
2563 2546
4951 4950
2452 2449
5436 5409
1415 1406
539 540
2259 2256
2041 2033
5709 5689
2101 2084
2980 2955
4158 4159
1990 1987
1429 1425
849 850
4501 4498
2052 2047
1236 1232
4223 4224
5934 5928
738 726
5357 5358
1377 1356
3696 3697
1588 1539
3478 3474
4042 4041
5797 5778
4290 4291
1366 1355
1586 1587
505 501
6003 6004
1595 1592
2455 2450
3914 3896
2859 2799
2458 2455
5505 5498
1897 1893
5546 5536
1099 1095
4811 4794
2063 2047
2794 2791
3433 3421
4183 4178
575 573
4463 4461
874 869
1154 1152
1797 1783
1543 5579
3895 3896
1727 1724
5808 5778
5849 5779
4537 4531
3850 3830
4241 4240
4301 4291
412 407
2583 2584
2531 2394
5951 5948
922 923
2661 2652
2125 2120
2765 2746
4312 4305
4016 4014
3558 3550
2981 2980
2420 2418
4027 4028
4068 4066
312 297
2199 2190
5492 5491
1165 1152
4196 4187
6083 6080
2538 2531
2837 2827
836 832
4488 4480
32 3932
2269 2262
268 267
5060 5056
3103 3104
3402 3400
11 2304
3746 3735
5072 5066
1763 1757
3975 3972
966 955
4467 4434
5267 5241
4038 4028
3417 3415
3697 3698
5367 5364
4267 4265
659 660
722 716
5990 5986
1925 1913
1345 1338
5772 5763
784 776
1294 1292
5746 5747
2280 2262
2166 2160
3571 3572
1589 1590
3029 3023
5477 5478
3309 3306
6101 6096
511 509
791 792
4742 4736
3214 3190
5832 5827
1037 969
6112 6110
2977 2954
39 2
5890 5889
5650 5648
60 61
3712 3709
1544 1537
3195 3190
466 456
252 5600
932 929
677 676
2397 2392
396 397
1836 1830
5147 5148
71 48
802 792
1268 1265
5483 5484
4402 4398
5221 5218
4704 4699
936 913
4767 4755
1326 1327
6077 6078
4716 4709
1388 1387
351 344
1662 1663
2522 2521
1400 1397
3313 3279
66 67
1506 1500
5158 5148
3157 3153
5627 5626
1733 1664
3106 3107
938 935
5406 5398
377 373
3449 3446
140 137
1640 1621
5172 5167
4391 4373
2134 2129
6022 6017
1872 1863
495 486
4947 4941
558 542
1525 1526
3627 3573
2709 2710
4896 4895
1049 779
3588 3581
1048 1049
5520 5513
3301 3295
5749 5750
1193 1174
1413 1406
6048 6046
2440 2441
5531 5527
1403 1398
1004 5853
19 3014
3186 3170
2045 2033
608 605
3636 3635
687 669
5139 5124
3817 5669
3648 3645
3419 3822
2507 2508
380 374
3692 3688
4511 4508
3263 3245
1883 1863
742 726
2614 2607
2853 2852
5361 5358
3703 3702
1535 1530
3766 3758
27 5066
1018 1011
4046 4041
668 669
1247 1248
27 2033
4058 4051
5948 5949
3673 3651
1073 1068
3244 3245
1262 1263
3543 3541
5755 5756
3534 3492
6054 6052
1085 1078
4116 4113
4737 4689
4957 4958
1598 1599
2518 2508
4688 4689
582 578
2 3
2022 2011
3654 3651
2576 2570
5604 5600
5884 5883
4895 4874
5087 5081
5666 5660
637 635
2244 2245
2587 2584
5899 5898
4238 4237
69 70
4370 4356
2413 2404
4020 4014
4820 4821
3545 3492
1931 4121
131 130
5091 5092
755 748
3783 3778
1782 1783
17 1
5736 5732
1567 1565
3048 3036
5496 5491
249 243
712 4
5168 5167
1320 1321
4200 4187
6091 6081
3510 3511
261 253
4089 4090
2775 2769
5223 5224
1914 1915
1117 1113
2557 2546
3584 3581
4425 4426
4444 4439
1967 1963
5430 5409
3750 3735
873 874
2331 2324
5703 5689
4562 4552
1981 1982
4492 4493
3699 3396
4325 4316
1508 1506
4100 4090
492 485
667 1011
3731 3698
5190 5181
4912 4907
2164 2160
2718 2719
515 509
1939 1934
4967 4964
4447 4440
4431 4432
2449 2450
322 316
1072 1073
4573 4552
5540 5536
1371 1369
1651 1652
3091 3085
5584 5579
5303 5300
854 850
274 275
334 326
4786 4781
4805 4794
3364 3365
1533 2047
3037 2741
3988 3983
1987 1988
5875 5876
2866 2859
4259 4217
909 907
3376 3375
1593 1539
4860 4851
3719 3714
5802 5778
5843 5779
2622 2620
681 676
1245 1243
4424 4405
3844 3830
2634 2630
806 792
6008 6004
2119 2120
2759 2746
2179 2171
4627 4626
5988 5766
241 232
3552 3550
1611 1606
1891 1889
5351 5330
4771 4755
1330 1327
5783 5778
2895 2876
2186 2187
6074 6075
1105 1101
5277 5273
3317 3279
2009 2002
1861 1838
3320 3321
2781 2747
1659 1623
3058 3055
3855 3830
1441 1437
5162 5148
5893 5892
5332 5330
5612 5613
2603 2596
5631 5626
643 639
10 2941
5675 5669
3070 2742
2253 2254
1005 991
3799 3790
3472 3395
657 658
5970 5967
1842 1838
421 418
4829 4830
5730 5726
1060 1048
4731 4709
2090 2088
562 542
2994 2989
2906 2876
6025 6024
4664 4655
3328 3279
2706 2707
6037 6034
1197 1174
2721 2722
5002 5000
3020 3018
1473 1459
3064 3061
6092 6091
3943 3932
543 542
4003 3983
5811 5812
5575 5572
155 137
4453 4448
1746 1739
15 5755
1248 1233
3268 3241
107 96
1178 1174
2901 2895
3972 3973
3603 3581
1022 1011
5364 5365
1816 1811
4097 4089
2676 2669
2096 2094
114 112
1579 1575
2905 2906
3677 3651
3488 3486
5996 5992
3248 3245
3241 3242
4101 4100
4983 4976
1602 1599
1041 1037
3728 3710
287 282
586 578
3318 3317
1771 1758
3658 3651
50 46
2801 2798
3100 3094
2580 2570
1143 1142
3443 3433
862 863
345 344
5560 5559
4252 4245
5043 5040
5903 5898
915 911
187 172
357 354
1198 1199
5448 5439
3359 3331
759 748
2322 2288
5740 5732
1571 1565
3222 3218
1634 1621
1003 1000
6016 6017
3908 3896
2487 2476
4782 4689
5499 5498
1390 1382
3340 3331
2180 2181
1425 1339
2779 2769
2823 2812
1121 1113
2561 2546
3292 3290
3572 3573
4473 4469
5434 5409
3398 3393
1325 1293
1397 1398
2257 2256
877 874
5285 5286
1737 1732
4617 4598
3180 3170
2039 2033
5707 5689
3618 3581
667 1000
2310 2304
3110 3111
845 777
4499 4498
15 5689
4543 4541
935 936
4606 4597
4306 4305
5932 5928
736 726
2948 2941
3808 3799
5415 5409
1375 1356
1290 1285
1929 1915
4040 4041
5688 5689
3520 3517
1132 1113
5473 5471
4093 4089
1364 1355
503 501
3875 3866
2737 2734
3578 3579
5245 5240
1999 1987
858 850
278 275
4809 4794
2061 2047
2512 2508
2792 2791
5553 5477
4181 4178
6005 5988
5034 5033
5806 5778
4517 4514
2450 2394
1101 1079
707 694
4299 4291
410 407
1201 1202
6035 5988
2105 2103
2385 2386
2914 2915
1537 1538
3777 3778
4697 4687
2116 2117
3556 3550
1319 1315
5787 5778
11 1
310 297
4649 4646
4409 4405
4132 4127
883 869
470 471
1163 1152
4194 4187
1654 1655
85 71
5826 5827
5325 5316
4486 4480
3859 3830
4029 4012
871 872
5383 5378
5868 5864
1573 1558
3744 3735
411 1530
2647 2641
2067 2066
1846 1838
4833 4830
5053 5099
4036 4028
4877 4873
2658 2655
720 716
6029 6024
2956 5732
2932 2931
3792 3789
2223 2205
2651 2652
483 480
1923 1913
782 776
826 819
2846 2827
476 477
2278 2262
3286 3284
4146 4142
4578 4553
4710 4709
1909 1907
3052 3053
6099 6096
1111 1109
5366 5050
842 840
1406 1407
5918 5913
4276 4265
88 85
2923 5689
3462 3459
2321 2322
1820 1811
1240 1236
2680 2669
2117 2034
1303 1292
1542 1537
4334 4327
3193 3190
675 676
2956 2954
2395 2392
1834 1830
2799 2741
5467 5465
5398 5365
30 874
406 5066
4348 4346
800 792
3828 3822
1266 1265
1011 1012
5479 5475
2731 2728
5762 5763
4964 4965
635 617
1605 1606
1646 1644
6073 6069
2805 2798
2225 2223
1708 1704
5880 5876
1490 1481
349 344
5961 5949
2520 2521
405 397
5156 5148
3155 3153
1778 1776
3498 3492
4794 4688
5098 5099
5460 5451
2693 2691
2132 2129
1533 5513
1335 1327
5204 5202
4725 4709
2988 2989
4658 4655
5518 5513
530 526
1191 1174
822 819
1269 2262
1682 1677
6134 6132
4026 4011
1404 1403
4432 4433
367 360
1974 1970
149 137
3685 3573
3690 3688
1522 1516
101 96
4610 4597
1881 1863
740 726
2612 2607
2116 2669
2892 2890
2952 2941
2971 2954
3812 3799
2375 2371
673 672
714 710
4905 4895
2157 2148
3597 3581
3764 3758
1016 1011
4044 4041
4835 4836
4056 4051
1053 1051
2660 2661
3239 3240
1862 1863
6034 6035
485 486
1083 1078
5765 5766
2497 2495
2516 2508
2796 2791
281 282
4210 4208
2789 2788
3652 3651
964 955
3775 3758
2574 2570
1027 1011
5602 5600
5882 5883
5085 5081
1477 1476
3128 3129
2926 2914
3726 3721
2910 2906
3682 3651
4236 4237
2411 2404
753 748
3781 3778
15 1
4354 4350
226 221
3046 3036
4136 4127
339 1000
3312 3313
2234 2232
3324 3323
595 589
3327 3328
59 57
78 70
2529 2530
868 869
3748 3735
2872 2869
764 748
1731 1732
1791 1783
5701 5689
4585 4582
4084 4071
4323 4316
945 944
3973 3974
1269 1270
3500 3498
4360 4356
1798 1799
210 202
490 485
2141 2138
5188 5181
5232 5224
202 203
2282 2262
4582 4553
5294 5284
4707 4706
1067 1068
320 316
5239 5240
3071 3068
4571 4552
2831 2827
5582 5579
5922 5913
5301 5300
332 326
4504 4498
4784 4781
656 652
2263 2262
4260 4259
5980 5975
5999 5988
4858 4851
3481 3474
556 542
2632 2630
804 792
2115 2111
6006 6004
3299 3295
2757 2746
2177 2171
4389 4386
239 232
5312 5300
4691 4687
1609 1606
5781 5778
5822 5816
4681 4679
1672 1662
3997 3983
275 276
4976 4977
48 4
5275 5273
3148 3139
2007 2002
5319 5316
4178 4179
5852 5779
4941 4875
393 389
3853 3830
5611 5609
4924 4908
1483 1480
5891 5892
2343 2338
5954 5948
5673 5669
2016 3111
4208 4179
4636 4626
977 975
419 418
460 456
2202 2190
4414 4405
3834 3830
3421 3395
2992 2989
6023 6024
4643 4642
4662 4655
1955 1946
534 526
1195 1174
1535 2033
2250 2244
4698 4699
4440 4434
5341 5330
4761 4755
5621 5613
1471 1459
5684 5669
5063 5056
3062 3061
6090 6091
3922 3919
541 542
5573 5572
1744 1739
5075 5066
2953 5491
2535 2534
5396 5387
386 375
1227 1220
666 658
5049 5050
1176 1174
448 435
2899 2895
4270 4265
4594 4591
3453 3454
5964 5965
3982 3983
1814 1811
2674 2669
1278 1279
3465 3464
1297 1292
5166 5167
1577 1575
5484 5476
2667 2666
1079 1069
4151 4142
2722 2723
3582 3581
5835 5827
4155 4153
5015 5011
4435 4436
285 282
4350 4328
1759 1070
3612 3581
2578 2570
2084 2035
902 897
1141 1142
5133 5124
3132 3129
123 112
614 615
185 172
5365 5366
2356 2349
3257 3245
1855 1838
3113 2742
1249 1247
4709 4688
5780 5766
6000 5998
4579 4578
15 3036
27 2107
4915 4914
3667 3651
2466 2463
5497 5498
2031 5689
1432 1425
3322 3323
4970 4971
5569 5559
2821 2812
1661 1662
2116 2242
1676 1677
1717 1715
2016 2011
875 874
1735 1732
3109 3107
1448 1446
701 694
2308 2304
3231 3218
4523 4524
1510 1506
2074 2073
415 5211
4604 4597
2644 2640
3917 3896
3504 3498
4364 4356
2086 2083
2946 2941
3806 3799
5413 5409
27 5745
3456 3457
1288 1285
5967 5968
3518 3517
1130 1113
3581 3573
1624 1621
4652 4651
4371 4372
3873 3866
4626 4598
414 2047
5453 5050
3056 3055
214 215
3075 3068
1074 1073
3119 3111
5586 5579
4165 4159
1997 1987
601 597
3629 3627
4788 4781
944 936
2551 2546
3411 3404
3791 3396
4123 3869
4113 4090
5424 5409
615 616
3706 3702
5637 5638
4515 4514
387 385
5992 5987
3884 3866
6010 6004
5254 5240
1576 1539
4289 4265
4695 4687
4906 4907
1317 1315
5785 5778
2218 2211
3078 3069
3529 3530
220 221
4001 3983
4127 4122
4451 4448
1653 1651
1933 1934
5024 5020
2462 2463
748 727
3902 3896
5323 5316
1210 1202
2051 2047
5958 5948
4521 4520
5381 5378
2860 2859
3459 3447
3162 3160
1785 1783
2065 2066
3565 3550
411 5548
5796 5778
4078 4071
4418 4405
3838 3830
996 990
1560 1557
2930 2931
4991 4977
481 480
3273 3270
276 4
4942 4940
1098 1095
2468 2469
5288 5284
300 297
161 138
1422 1340
5041 5040
5079 5066
355 354
884 883
5916 5913
4495 4493
4775 4776
4274 4265
86 85
2597 2596
5909 5910
3460 3459
5111 5112
1301 1292
5454 5451
4332 4327
20 1838
2372 2370
2936 2937
5876 5854
267 254
4587 4553
3014 3005
2066 2034
4498 4481
4624 4620
6108 6096
3527 3526
3826 3822
913 779
2729 2728
4749 4736
4232 4217
3003 3004
2785 2781
2205 2206
4285 4265
2268 2262
2803 2798
3367 3365
1706 1704
1145 1142
5878 5876
3937 3932
4781 4782
1419 1418
1551 1537
3142 3139
1762 1757
3202 3190
2001 2002
621 620
684 676
2965 2954
403 397
809 792
5989 5986
2671 2628
4630 4626
4050 4051
5490 5484
6125 5766
2068 2069
2109 2107
5720 5717
1531 5513
4774 4755
1333 1327
2984 2980
4124 4121
2703 2701
2744 2739
3308 3306
229 230
2510 2508
2350 2290
1949 1946
528 526
2740 2741
1337 1338
2241 2239
820 819
1680 1677
5165 5148
1443 1441
3334 3335
5615 5613
646 639
1740 1664
3507 3492
365 360
6144 6142
3437 3433
1455 1451
147 137
4868 4817
5047 5048
5107 5099
4527 4524
1738 1739
418 408
5390 5387
4608 4597
3732 3731
2950 2941
4734 4709
5121 5118
565 542
1276 1277
195 191
1348 1338
1628 1621
5220 5218
3282 3279
2481 2476
2720 2721
5814 5812
158 137
2539 2538
1181 1174
3645 3573
3174 3170
3773 3758
1025 1011
612 613
4218 4145
376 373
5358 5286
5083 5081
1475 1476
5127 5124
1254 1248
2924 2914
2908 2906
3680 3651
3974 3869
3251 3245
1871 1863
730 726
5182 5181
4104 4100
5150 5148
1583 1581
2506 2495
4677 4672
1349 1350
4396 4393
5486 5484
929 912
3661 3651
1990 5732
4968 4969
4171 4167
282 283
3522 3492
5374 5364
5516 5713
2594 2584
918 911
4226 4224
76 70
3428 3426
30 5552
2010 2011
2870 2869
762 748
1789 1783
973 968
24 1
5743 5732
3225 3218
4293 4291
1614 5579
984 982
5175 5167
4919 4918
2077 2078
4358 4356
5508 5498
1900 1893
4887 4885
2139 2138
2183 2181
3790 3791
5230 5224
2262 2245
2712 2710
487 4
304 297
4476 4469
4126 4127
4986 4985
5846 5843
4705 4706
1157 1152
4188 4187
4620 4598
1863 1839
5710 5689
1689 1686
2530 2531
255 4
2313 2304
5580 5579
3639 3635
5920 5913
654 652
3405 3404
2885 2880
5935 5928
3395 3396
1807 1799
4258 4259
3738 3735
5458 5451
3889 3867
2379 2375
958 955
5691 5689
4591 4553
4030 4028
422 423
5753 5749
4376 4372
4656 4655
506 501
3919 3867
1596 1592
1076 1068
1917 1913
5248 5240
5547 5536
4387 4386
2840 2827
6038 6039
5310 5300
341 326
1932 1928
1352 1353
4812 4794
2212 2211
4960 4958
44 39
2272 2262
271 267
5240 5241
5820 5816
4443 4439
1695 1692
3995 3983
34 31
3925 3924
4398 4373
3146 3139
2239 2206
5037 5033
2330 2324
2341 2338
4793 4794
813 792
1780 1776
5952 5948
5537 5477
686 687
5775 5763
2766 2746
4206 4179
4634 4626
1256 1254
1536 1537
3559 3550
1599 1593
1618 1606
458 456
5790 5778
5550 5537
3533 3534
4412 4405
3032 3023
3832 3830
4062 4063
4922 4921
794 792
4641 4642
4985 4977
5265 5260
4203 4187
2788 2747
4187 4179
3090 3085
6118 6115
1089 1090
3862 3830
2248 2244
5840 5841
291 292
4759 4755
3338 3335
5339 5330
5812 5779
650 639
3382 3378
5682 5669
2865 2859
5095 5091
5241 5145
2533 2534
5394 5387
1225 1220
1849 1838
2769 2747
5907 5908
4530 4531
3729 3728
3001 2989
5081 5048
4592 4591
1044 1037
423 424
1273 1274
3463 3464
1055 1051
5974 5975
2665 2666
3270 3271
5350 5330
4149 4142
2728 2722
406 5745
4719 4709
550 542
5563 5559
3061 3053
1753 1739
5512 5513
2203 2204
1185 1174
5013 5011
4937 4908
2602 2596
5589 5588
1461 1459
900 897
3931 3932
3991 3983
4791 4790
1823 1811
5651 5648
5131 5124
3130 3129
2912 2906
95 96
3255 3245
2606 2607
1990 2338
438 435
160 161
3847 3830
4108 4100
4899 4895
5718 5715
2151 2148
3591 3581
1010 1011
4341 4338
2453 2449
1416 1406
4403 4398
2443 2441
4913 4914
3665 3651
3536 3537
2808 2798
2228 2223
3019 3018
2221 2220
1660 1658
352 344
5031 5027
2469 2470
3373 3371
3266 3245
1440 1776
987 976
2014 2011
699 694
3229 3218
5101 5099
2072 2073
692 691
175 172
2642 2640
618 1910
5506 5498
1265 1263
2705 2696
2405 2404
5717 5718
3537 3492
1854 3055
4075 4070
747 748
2937 2938
2190 2186
5218 5216
1670 1662
6138 6125
3040 3036
4931 4930
4650 4651
5554 5552
585 578
865 861
2475 2476
3187 3170
2317 2304
3117 3111
5928 5914
3347 3344
599 597
3066 3065
2811 2812
4251 4245
4550 4541
3970 3966
2549 2546
472 4
3409 3404
4613 4597
2974 2954
3815 3799
4823 4821
4262 4259
5422 5409
1313 1293
2607 2608
5695 5689
1139 1113
4167 4143
946 947
3606 3581
4838 4836
1570 1565
4380 4372
1002 1000
3882 3866
1282 1283
204 202
5252 5240
1064 1060
484 485
4955 4953
5067 5194
496 495
2560 2546
1699 1692
5011 5006
3010 3011
1500 1482
5433 5409
5073 5066
5639 5477
5022 5020
53 46
2334 2324
5646 5638
5885 5883
4565 4552
1943 1944
4268 4265
1426 1425
4797 4794
5638 5639
1208 1202
2049 2047
1481 1482
5653 5654
2596 2566
1531 2242
3563 3550
3475 3474
5794 5778
166 165
18 1
4416 4405
4586 4587
477 471
1170 1152
1942 1934
2876 2741
221 222
5833 5827
6019 6017
3911 3896
2751 2746
2856 2799
3315 3313
1894 1893
2955 2741
1093 1090
1096 1095
5816 5779
4460 4461
3751 3735
1151 1152
933 929
1853 1838
5805 5778
3183 3170
882 883
4534 4531
3393 3394
409 407
2359 2356
4309 4305
633 5669
4679 4481
5874 5854
2433 2426
5354 5330
2196 2190
5567 5559
1382 1340
833 832
893 883
4485 4480
5925 5913
3165 3112
3404 3394
2783 2781
4283 4265
2266 2262
5593 5588
1465 1459
2064 2047
5057 5056
429 375
3935 3932
1827 1811
5359 5357
3399 3400
1417 1418
5069 5066
1760 1757
3200 3190
619 620
4832 4830
383 380
682 676
2963 2954
3023 3005
2402 2392
5910 5766
807 792
5769 5763
781 776
2388 2386
4628 4626
2668 2669
1291 1292
5759 5755
1590 1588
4684 4679
3026 3023
3867 3868
5493 5491
3946 3932
3649 3645
1947 1946
4975 4976
1166 1152
4739 4736
30 1113
3211 3190
570 569
4458 4457
4356 4217
6109 6110
6128 6123
3329 3330
6 2338
644 639
5733 5715
2295 2292
3435 3433
4639 4626
4059 4051
2918 2914
4525 4524
117 112
5105 5099
5946 5944
1541 1537
5388 5387
980 975
4871 4868
2069 2070
1833 1830
4966 4876
474 470
1958 1946
537 526
316 298
1346 1338
1626 1621
5779 5780
829 819
2849 2827
4701 4699
4541 4481
605 522
1622 1623
4713 4709
1965 1962
544 542
156 137
5056 5048
3055 3053
1747 1739
2815 2812
4255 4245
297 298
2537 2538
1179 1174
5048 5049
2382 2371
4830 4826
3362 3331
3172 3170
5403 5398
4842 4836
1234 1231
4265 4266
5913 5914
5125 5124
1637 1621
1009 1005
1869 1863
2940 2941
2959 2954
3800 3799
4102 4100
2142 2143
3585 3581
2504 2495
4675 4672
4394 4393
5018 5011
6045 6046
2437 2441
5437 5409
5528 5527
3659 3651
4169 4167
2042 2033
3353 3352
3135 3129
1493 1481
916 911
739 726
5191 5181
628 629
1252 1247
1532 1530
5159 5148
971 968
3763 3758
4043 4041
5654 5477
1555 1554
3540 3541
2459 2455
1898 1893
6051 6052
1082 1078
4069 4070
4973 4971
2304 2288
4474 4469
2473 2474
4184 4178
576 573
4984 4985
5844 5843
1439 1436
878 874
298 299
4186 4187
2311 2304
5663 5660
4242 4240
634 635
1494 1493
413 407
3725 3721
2883 2880
5914 5915
2347 2348
4367 4356
1805 1799
4017 4014
11 5732
1612 1606
2982 2980
2421 2418
313 297
1280 1281
5452 5453
2414 2415
246 243
3277 3278
4197 4187
5246 5240
258 253
5526 5523
2838 2827
660 4
837 832
4990 4991
4489 4480
339 326
1930 1928
5818 5816
2210 2211
5145 5050
2270 2262
5862 5859
4441 4439
32 31
3643 3641
2328 2324
5700 5689
2687 2671
4559 4552
3979 3977
3418 3415
4732 4709
670 668
4322 4316
5368 5364
1479 1480
4665 4655
811 792
723 716
5773 5763
785 776
4245 4217
5987 5988
4326 4327
5439 5365
4909 4907
3081 3069
5548 5537
3030 3023
512 509
5263 5260
4743 4736
3215 3190
5326 5316
2745 2746
2978 2954
1368 1369
848 845
3088 3085
6116 6115
3860 3830
1446 1437
1623 1070
5599 5596
3380 3378
4987 4988
1420 1421
2863 2859
4470 4469
115 112
5093 5091
1545 1537
4857 4851
5392 5387
1476 1437
3716 3714
1847 1838
467 456
2619 2620
4421 4405
3841 3830
1042 1037
2649 2647
2756 2746
2176 2171
4063 4064
2213 2238
3546 3545
1457 1437
3284 3279
1888 1889
5348 5330
4768 4755
6060 6061
4938 4937
3391 3378
5297 5284
4717 4709
3129 3112
548 542
5561 5559
4140 4139
1751 1739
3623 3620
5044 5040
2960 5491
5596 5553
1102 1101
5274 5273
1401 1397
323 316
1183 1174
2834 2827
2386 2371
3573 3395
4277 4265
89 85
3977 3973
5329 5330
2600 2596
5628 5626
5908 5909
4482 4145
1137 5609
939 935
3989 3983
5129 5124
141 137
5983 5975
374 375
3295 3279
1057 1048
436 435
5468 5465
2087 2088
559 542
4897 4895
2149 2148
5480 5475
5521 5513
1071 1067
4047 4432
3302 3295
1194 1174
1414 1406
1776 1758
4999 5000
3017 3018
1470 1459
1709 1704
609 605
2219 2220
3079 3078
5140 5124
4790 4782
5029 5027
1421 1422
920 911
5933 5928
4512 4508
104 96
3264 3245
1884 1863
5416 5409
447 435
2854 2852
1307 1293
3714 3710
2898 2895
1757 1758
3856 3830
2608 2567
4848 4844
5727 5715
2286 2287
3600 3581
3767 3758
1019 1011
3470 3471
2673 2669
5660 5661
111 112
690 691
454 451
4755 4737
173 172
3674 3651
5993 5992
5205 5202
217 215
4335 4336
6055 6052
1086 1078
4117 4113
569 522
2995 2989
4980 4976
2739 2740
1954 5439
4929 4930
4182 4178
284 282
583 578
2023 2011
4736 4737
3375 3331
5035 5033
3097 3094
2338 2288
2577 2570
5624 5613
708 694
2315 2304
4249 4245
3968 3966
5900 5898
2956 5491
184 172
1491 1490
15 5732
5445 5439
756 748
1285 1277
1137 1113
5397 5398
5737 5732
3736 3737
6 435
1568 1565
3049 3036
427 428
3219 3218
1631 1621
4098 4089
4378 4372
1174 1153
5169 5167
3905 3896
2484 2476
1062 1060
1387 1382
1292 1293
2776 2769
2476 2477
2498 2495
1118 1113
2558 2546
1697 1692
3868 3869
4211 4208
5431 5409
1410 1406
51 46
5644 5638
2036 2033
5704 5689
4563 4552
3615 3581
2677 5513
2026 2025
368 369
4795 4794
4540 4541
1231 1232
3932 3867
1235 5552
5929 5928
213 202
493 485
3473 3474
164 165
6070 5988
227 221
2439 2436
1361 1355
500 501
1940 1934
32 2382
843 840
3074 3068
5541 5536
1372 1369
231 232
3092 3085
1996 1987
2235 2232
855 850
5304 5300
3325 3323
4806 4794
38 39
1217 1202
2058 2047
2867 2859
3431 3426
4861 4851
4064 4012
5803 5778
2623 2620
1202 1200
4532 4531
3845 3830
4296 4291
968 969
2635 2630
1267 1265
2874 2875
2357 2356
3797 3789
230 222
6009 6004
4307 4305
2760 2746
1213 5122
2477 2394
3509 3507
4694 4687
3553 3550
5784 5778
4923 4924
307 297
2915 2741
2194 2190
4085 4084
4406 4405
2424 2423
1160 1152
5278 5273
82 71
6122 6123
3059 3055
891 883
4483 4480
5923 5913
93 85
5853 5854
2604 2596
4819 4816
2246 1841
3161 3160
5461 5451
5067 5066
5971 5967
5883 5854
381 380
4033 4028
717 716
5985 5986
6026 6024
2953 5732
4457 4440
3830 3790
6089 6080
408 375
1920 1913
640 617
3283 3284
4682 4679
1975 1970
2161 2160
3021 3018
1474 1459
1713 1704
37 31
6052 6053
6093 6091
3345 3344
3944 3932
4004 3983
